A=[

0.680375 -0.604897 -0.045206 0.832390 -0.967399 
-0.211234 -0.329554 0.257742 0.271423 -0.514226 
0.566198 0.536459 -0.270431 0.434594 -0.725537 
0.596880 -0.444451 0.026802 -0.716795 0.608354 
0.823295 0.107940 0.904459 0.213938 -0.686642 

];
B=[

-0.198111 0.025865 0.048574 0.053490 -0.295083 
-0.740419 0.678224 -0.012834 0.539828 0.615449 
-0.782382 0.225280 0.945550 -0.199543 0.838053 
0.997849 -0.407937 -0.414966 0.783059 -0.860489 
-0.563486 0.275105 0.542715 -0.433371 0.898654 

];
C=[

1.724171 -1.008541 -0.872369 0.789926 -2.196556 
0.644803 -0.423101 -0.154033 0.194759 -0.620160 
0.544695 -0.059324 -0.809190 1.028583 -1.089518 
-0.868190 0.179807 0.687648 -1.038283 0.736289 
-0.350267 0.022087 0.432389 0.386925 -0.219669 

];
